24
21
20
21
20
26
24
39
20
26
29
20
22
21
24
22
24
28
22
23
25
26
26
47
20
31
21
20
20
45
20
28
20
42
22
22
20
24
21
28
17
21
22
17
43
23
20
20
21
25
22
20
43
24
17
20
25
24
24
31
17
22
22
25
25
21
21
20
20
20
21
27
31
24
26
21
20
21
23
28
24
28
20
28
20
24
23
24
34
26
20
27
20
21
24
27
30
22
20
21
22
21
20
26
22
22
20
29
23
31
21
24
21
22
25
23
24
20
26
21
20
20
22
27
20
26
20
27
22
30
20
22
22
22
24
20
29
29
25
47
21
43
20
21
23
24
26
28
20
22
20
21
21
20
20
24
20
17
24
21
20
20
20
25
25
21
21
22
28
26
24
20
20
24
26
23
22
22
20
24
24
20
28
24
22
24
25
22
29
20
20
23
25
22
20
28
20
20
31
27
20
23
17
22
22
23
25
22
20
21
22
27
31
25
20
17
28
22
30
20
21
22
22
17
27
21
21
29
25
20
20
24
23
17
22
22
20
27
22
31
21
22
20
22
21
26
20
21
21
20
23
21
25
26
20
22
24
20
20
22
21
21
23
20
25
20
21
40
20
20
24
20
21
23
25
30
20
39
32
21
21
29
30
24
20
28
22
22
20
24
22
20
25
25
24
23
28
20
20
30
21
26
73
27
21
22
21
24
28
22
43
21
20
21
20
17
21
25
28
20
21
26
20
24
22
21
21
27
21
20
20
21
26
21
20
20
23
26
24
22
27
24
21
26
20
20
27
25
20
23
22
30
25
20
47
22
20
20
26
25
73
17
20
20
20
21
26
21
22
20
20
23
25
25
24
20
28
20
33
21
21
26
21
25
25
22
31
21
20
21
20
17
23
20
21
20
23
25
20
26
20
21
26
27
20
20
21
17
23
20
20
26
26
28
21
27
20
20
21
21
21
21
26
22
22
26
20
20
24
22
21
21
30
20
25
44
26
23
20
21
20
20
25
20
24
21
21
21
25
20
20
20
20
25
23
40
17
20
22
22
20
30
20
24
26
24
25
20
20
21
20
27
20
28
24
32
20
26
31
20
27
26
20
20
26
39
20
22
20
20
23
20
22
21
20
23
24
24
21
38
22
20
26
26
26
20
20
20
28
31
28
21
22
20
24
20
22
20
21
23
26
27
24
20
21
21
23
20
21
28
20
25
24
21
23
20
20
20
22
28
20
21
23
21
26
20
20
23
20
23
57
26
25
21
20
23
21
22
22
22
23
23
22
20
20
25
23
26
20
20
24
21
22
20
21
21
25
20
20
21
22
22
25
20
20
20
21
55
24
30
25
20
22
23
26
27
22
26
30
22
21
22
28
21
17
41
20
20
21
22
48
20
20
23
20
21
21
21
21
27
21
25
24
25
45
21
20
30
21
28
24
22
20
20
21
23
21
45
23
26
20
27
20
25
21
22
20
24
20
21
22
26
21
20
20
20
26
22
24
23
26
20
21
20
20
31
21
24
33
31
23
20
20
20
22
28
23
24
22
29
26
25
20
21
20
21
22
20
20
20
29
25
21
21
20
20
21
20
20
20
26
23
21
21
27
20
23
21
26
20
24
27
20
27
25
22
22
29
30
24
20
21
21
21
26
20
21
20
20
31
26
21
26
20
21
21
30
24
21
20
21
20
25
20
23
20
21
24
22
24
26
20
31
20
25
22
21
21
21
20
20
20
20
24
21
20
21
27
31
25
20
27
21
21
20
20
22
26
21
23
21
20
21
20
21
20
21
28
23
31
22
21
20
21
21
24
21
20
20
22
26
21
17
20
24
20
21
21
21
25
20
22
21
31
28
23
20
20
28
31
22
20
20
20
28
22
26
20
26
24
22
21
29
20
25
28
22
22
27
21
21
20
21
20
25
31
20
26
20
21
21
21
21
20
20
22
20
21
21
22
26
28
20
25
21
21
24
24
22
25
20
21
26
21
22
26
26
24
22
22
21
22
21
24
25
20
21
24
21
20
22
46
25
20
24
26
23
24
20
22
20
24
23
20
22
17
20
24
21
21
22
26
21
26
30
21
22
21
21
24
17
23
21
20
26
24
21
31
20
22
24
26
25
24
21
21
20
49
24
27
21
20
20
23
21
21
24
26
20
23
21
20
20
21
21
20
20
20
21
31
20
28
20
20
20
21
30
30
27
20
20
20
24
20
20
26
22
25
20
21
20
20
22
25
22
20
23
23
21
24
26
22
20
20
20
23
26
23
20
22
